37.419196 127.124980  0.000000
37.419194 127.124930  0.000000
37.419192 127.124882  0.000000
37.419190 127.124837  0.000000
37.419169 127.124794  0.000000
37.419146 127.124758  0.000000
37.419109 127.124732  0.000000
37.419069 127.124734  0.000000
37.419028 127.124726  0.000000
37.418989 127.124735  0.000000
37.418947 127.124736  0.000000
37.418906 127.124736  0.000000
37.418861 127.124736  0.000000
37.418824 127.124736  0.000000
37.418782 127.124737  0.000000
37.418742 127.124737  0.000000
37.418703 127.124724  0.000000
37.418692 127.124677  0.000000
37.418706 127.124635  0.000000
37.418704 127.124589  0.000000
37.418702 127.124537  0.000000
37.418701 127.124491  0.000000
37.418700 127.124437  0.000000
37.418720 127.124395  0.000000
37.418757 127.124391  0.000000
37.418792 127.124405  0.000000
37.418828 127.124397  0.000000
37.418868 127.124394  0.000000
37.418907 127.124401  0.000000
37.418946 127.124401  0.000000
37.418982 127.124397  0.000000
37.419027 127.124395  0.000000
37.419065 127.124393  0.000000
37.419110 127.124391  0.000000
37.419152 127.124389  0.000000
37.419196 127.124389  0.000000
37.419235 127.124389  0.000000
37.419279 127.124387  0.000000
37.419317 127.124385  0.000000
37.419355 127.124361  0.000000
37.419397 127.124350  0.000000
37.419436 127.124343  0.000000
37.419477 127.124346  0.000000
37.419515 127.124345  0.000000
37.419562 127.124343  0.000000
37.419606 127.124345  0.000000
37.419644 127.124369  0.000000
37.419679 127.124379  0.000000
37.419722 127.124385  0.000000
37.419762 127.124381  0.000000
37.419801 127.124381  0.000000
37.419840 127.124383  0.000000
37.419876 127.124385  0.000000
37.419919 127.124389  0.000000
37.419960 127.124393  0.000000
37.419995 127.124405  0.000000
37.420030 127.124433  0.000000
37.420048 127.124473  0.000000
37.420035 127.124517  0.000000
37.420036 127.124571  0.000000
37.420037 127.124619  0.000000
37.420038 127.124672  0.000000
37.420039 127.124725  0.000000
37.420040 127.124776  0.000000
37.420041 127.124823  0.000000
37.420042 127.124878  0.000000
37.420043 127.124926  0.000000
37.420044 127.124974  0.000000
37.420044 127.125019  0.000000
37.420040 127.125079  0.000000
37.420040 127.125135  0.000000
37.420038 127.125189  0.000000
37.420039 127.125240  0.000000
37.420039 127.125289  0.000000
37.420039 127.125335  0.000000
37.420039 127.125388  0.000000
37.420039 127.125446  0.000000
37.420039 127.125499  0.000000
37.420041 127.125551  0.000000
37.420042 127.125603  0.000000
37.420043 127.125657  0.000000
37.420044 127.125716  0.000000
37.420045 127.125774  0.000000
37.420049 127.125828  0.000000
37.420051 127.125884  0.000000
37.420054 127.125939  0.000000
37.420056 127.125990  0.000000
37.420059 127.126040  0.000000
37.420061 127.126091  0.000000
37.420059 127.126138  0.000000
37.420040 127.126177  0.000000
37.420004 127.126194  0.000000
37.419968 127.126184  0.000000
37.419932 127.126169  0.000000
37.419903 127.126142  0.000000
37.419906 127.126094  0.000000
37.419913 127.126050  0.000000
37.419912 127.125997  0.000000
37.419911 127.125949  0.000000
37.419909 127.125891  0.000000
37.419908 127.125834  0.000000
37.419908 127.125781  0.000000
37.419906 127.125726  0.000000
37.419907 127.125676  0.000000
37.419906 127.125626  0.000000
37.419905 127.125575  0.000000
37.419904 127.125530  0.000000
37.419900 127.125483  0.000000
37.419898 127.125436  0.000000
37.419895 127.125378  0.000000
37.419895 127.125320  0.000000
37.419882 127.125271  0.000000
37.419850 127.125249  0.000000
37.419813 127.125233  0.000000
37.419781 127.125218  0.000000
37.419742 127.125219  0.000000
37.419700 127.125221  0.000000
37.419659 127.125220  0.000000
37.419614 127.125220  0.000000
37.419570 127.125220  0.000000
37.419528 127.125221  0.000000
37.419480 127.125222  0.000000
37.419435 127.125223  0.000000
37.419389 127.125224  0.000000
37.419343 127.125224  0.000000
37.419298 127.125226  0.000000
37.419256 127.125229  0.000000
37.419216 127.125232  0.000000
37.419175 127.125234  0.000000
37.419137 127.125237  0.000000
37.419089 127.125236  0.000000
37.419051 127.125237  0.000000
37.419007 127.125237  0.000000
37.418961 127.125238  0.000000
37.418916 127.125239  0.000000
37.418872 127.125240  0.000000
37.418832 127.125240  0.000000
37.418791 127.125241  0.000000
37.418751 127.125242  0.000000
37.418713 127.125243  0.000000
37.418675 127.125243  0.000000
37.418632 127.125244  0.000000
37.418580 127.125245  0.000000
37.418529 127.125246  0.000000
37.418478 127.125248  0.000000
37.418433 127.125270  0.000000
37.418394 127.125294  0.000000
37.418351 127.125293  0.000000
37.418310 127.125294  0.000000
37.418273 127.125296  0.000000
37.418226 127.125300  0.000000
37.418188 127.125329  0.000000
37.418175 127.125374  0.000000
37.418160 127.125416  0.000000
37.418139 127.125463  0.000000
37.418124 127.125510  0.000000
37.418114 127.125555  0.000000
37.418114 127.125606  0.000000
37.418111 127.125653  0.000000
37.418111 127.125707  0.000000
37.418115 127.125755  0.000000
37.418116 127.125805  0.000000
37.418117 127.125860  0.000000
37.418118 127.125908  0.000000
37.418119 127.125967  0.000000
37.418121 127.126029  0.000000
37.418122 127.126089  0.000000
37.418123 127.126149  0.000000
37.418124 127.126205  0.000000
37.418123 127.126261  0.000000
37.418123 127.126315  0.000000
37.418124 127.126369  0.000000
37.418124 127.126419  0.000000
37.418125 127.126470  0.000000
37.418126 127.126518  0.000000
37.418127 127.126567  0.000000
37.418128 127.126614  0.000000
