334116.2536208614  4143099.7000635043  0.0
334111.8299682132  4143099.5542676835  0.0
334107.6408660391  4143099.416200438  0.0
334103.5984771218  4143099.245120799  0.0
334099.74151301116  4143097.008813655  0.0
334096.4986770125  4143094.504874983  0.0
334094.10254358884  4143090.480527678  0.0
334094.24410700507  4143086.054676328  0.0
334093.47108912125  4143081.4655185095  0.0
334094.13025355013  4143077.1885865075  0.0
334094.1264235941  4143072.506564889  0.0
334094.0141036479  4143067.917186532  0.0
334093.94530176837  4143063.0037267534  0.0
334093.88854670245  4143058.9152524807  0.0
334093.8230788675  4143054.200046331  0.0
334093.76136469486  4143049.7856977284  0.0
334092.5403029877  4143045.4397085006  0.0
334088.3624312842  4143044.270164281  0.0
334084.6670043421  4143045.914798527  0.0
334080.6009566742  4143045.7597196414  0.0
334076.0309188317  4143045.694392951  0.0
334071.894062752  4143045.6369207203  0.0
334067.1327865078  4143045.6509244745  0.0
334063.4825789877  4143047.914706975  0.0
334063.1572616048  4143052.072025091  0.0
334064.51788782544  4143055.9130685623  0.0
334063.88603662787  4143059.8668439696  0.0
334063.6946151193  4143064.386421  0.0
334064.435292001  4143068.6696241247  0.0
334064.4635055009  4143073.008912836  0.0
334064.2573134854  4143077.0187251936  0.0
334064.1126754222  4143081.9392578946  0.0
334064.0450179527  4143086.236979282  0.0
334063.9854476389  4143091.19073943  0.0
334063.9212081387  4143095.9060247303  0.0
334064.01125025155  4143100.6968477126  0.0
334064.05913233134  4143105.085338392  0.0
334063.9798934413  4143109.9746587668  0.0
334063.9403426583  4143114.2371156593  0.0
334061.8266646812  4143118.408191483  0.0
334061.0013167795  4143123.081260484  0.0
334060.43510889343  4143127.508140366  0.0
334060.7841079178  4143132.014507097  0.0
334060.761921639  4143136.242679398  0.0
334060.73140405904  4143141.425781053  0.0
334061.0336196361  4143146.2730482058  0.0
334063.2327620926  4143150.4482267336  0.0
334064.127705329  4143154.3865659656  0.0
334064.8054091885  4143159.1558607067  0.0
334064.5464370188  4143163.602538869  0.0
334064.64377283514  4143167.8640516275  0.0
334064.85707544745  4143172.2363431933  0.0
334065.1050612864  4143176.247459224  0.0
334065.6179854811  4143180.9514234522  0.0
334066.0224959792  4143185.46519451  0.0
334067.17230677104  4143189.4089429844  0.0
334069.73360132665  4143193.1596677797  0.0
334073.2625319911  4143195.149635126  0.0
334077.1850020841  4143193.6384046553  0.0
334081.92506861273  4143193.61265545  0.0
334086.2006270848  4143193.6494138744  0.0
334090.9005324799  4143193.675018119  0.0
334095.5672728982  4143193.7015836732  0.0
334100.05274653196  4143193.72716503  0.0
334104.21880793414  4143193.7509077094  0.0
334109.1008956417  4143193.7787397406  0.0
334113.389668224  4143193.8032072107  0.0
334117.5990416986  4143193.8272169125  0.0
334121.637501476  4143193.7541959775  0.0
334126.8750503049  4143193.1472852738  0.0
334131.8738448615  4143193.106567193  0.0
334136.65855097683  4143192.7926786426  0.0
334141.17632746743  4143192.736816218  0.0
334145.45238947996  4143192.670699882  0.0
334149.58484339906  4143192.6051481236  0.0
334154.2913787379  4143192.530624202  0.0
334159.3475043803  4143192.450576594  0.0
334164.0990874781  4143192.375373649  0.0
334168.6367690591  4143192.4219968827  0.0
334173.263706926  4143192.4411237747  0.0
334178.065808061  4143192.463958552  0.0
334183.2733848136  4143192.4888685266  0.0
334188.4434535538  4143192.523460201  0.0
334193.2124927081  4143192.8136365875  0.0
334198.20403838705  4143193.017402458  0.0
334203.0746514851  4143193.2184217446  0.0
334207.5411698884  4143193.402847105  0.0
334212.025008208  4143193.5879896176  0.0
334216.55432153295  4143193.775008969  0.0
334220.70854736026  4143193.410186578  0.0
334224.08008647605  4143191.234222224  0.0
334225.48102069634  4143187.264259146  0.0
334224.5099895077  4143183.2418973926  0.0
334223.13961101323  4143179.3037794125  0.0
334220.63467193226  4143176.109649467  0.0
334216.4690377772  4143176.572295951  0.0
334212.5447216089  4143177.4296720526  0.0
334207.8817594106  4143177.368392754  0.0
334203.60910773766  4143177.318725395  0.0
334198.4576652096  4143177.25907116  0.0
334193.41890216316  4143177.2039564135  0.0
334188.7778995068  4143177.3471982935  0.0
334183.9129550491  4143177.2314374903  0.0
334179.43184733734  4143177.4304960268  0.0
334174.99200129835  4143177.3689268124  0.0
334170.5469481979  4143177.3453367255  0.0
334166.50041651947  4143177.2716520284  0.0
334162.32045817643  4143176.951232718  0.0
334158.2321441185  4143176.779342461  0.0
334153.0628516695  4143176.598586846  0.0
334147.94408106955  4143176.6197965625  0.0
334143.58720851014  4143175.3126600226  0.0
334141.4972579485  4143171.8403013195  0.0
334140.0617339618  4143167.7462308845  0.0
334138.60542750283  4143164.257201954  0.0
334138.6177413467  4143159.862945364  0.0
334138.68724513054  4143155.2149427366  0.0
334138.5266387466  4143150.6230924595  0.0
334138.4042708885  4143145.68498592  0.0
334138.3070876605  4143140.7674100846  0.0
334138.3320815555  4143136.110893054  0.0
334138.30809474044  4143130.7939527435  0.0
334138.2850997442  4143125.8020513463  0.0
334138.2613036628  4143120.64338283  0.0
334138.23814845167  4143115.620193284  0.0
334138.265682935  4143110.575370591  0.0
334138.4765746589  4143105.9852216616  0.0
334138.6093108666  4143101.5034196777  0.0
334138.7471663957  4143096.9339416404  0.0
334138.8702285286  4143092.7169835945  0.0
334138.72365260206  4143087.396491802  0.0
334138.68487238826  4143083.156611239  0.0
334138.64028620854  4143078.2957933294  0.0
334138.59315180907  4143073.164461883  0.0
334138.5879485602  4143068.167493615  0.0
334138.58433222806  4143063.329709802  0.0
334138.4857757088  4143058.8214929416  0.0
334138.49218440056  4143054.331046853  0.0
334138.4737212656  4143049.8971517435  0.0
334138.456486464  4143045.6075895163  0.0
334138.4396026146  4143041.394798071  0.0
334138.4206283103  4143036.668227941  0.0
334138.3977706436  4143030.945266512  0.0
334138.37532496534  4143025.2730100458  0.0
334138.4544494167  4143019.5838239472  0.0
334140.30753016495  4143014.488685398  0.0
334142.2822234642  4143010.1256253975  0.0
334142.13907313475  4143005.4305341505  0.0
334142.1082274924  4143000.8256223453  0.0
334142.2160766134  4142996.7095411066  0.0
334142.4600265034  4142991.533462308  0.0
334144.9686706068  4142987.217902922  0.0
334148.9003684538  4142985.749511506  0.0
334152.5449073337  4142984.0398710035  0.0
334156.7063262487  4142981.6053617196  0.0
334160.83305812  4142979.810279628  0.0
334164.7791450055  4142978.694907929  0.0
334169.3235023051  4142978.5214460106  0.0
334173.4548919238  4142978.166450282  0.0
334178.1908729119  4142978.081451196  0.0
334182.4470412772  4142978.4170606337  0.0
334186.8975379505  4142978.4543149685  0.0
334191.7929046196  4142978.4678418883  0.0
334195.99105334864  4142978.488219997  0.0
334201.2201907691  4142978.5134046297  0.0
334206.73725915636  4142978.5399701796  0.0
334212.076273925  4142978.5656812433  0.0
334217.32957626134  4142978.5909574246  0.0
334222.31503082043  4142978.5678861355  0.0
334227.3276259965  4142978.4042203617  0.0
334232.06284404575  4142978.2998502464  0.0
334236.8305022799  4142978.311309602  0.0
334241.2362735355  4142978.2799680443  0.0
334245.77671886433  4142978.248168728  0.0
334250.0394561383  4142978.3115384793  0.0
334254.40690685355  4142978.342063685  0.0
334258.54404522  4142978.372405791  0.0
